861482060641634
861482060660428
861482060667365
861482060607114
861482060678966
861482060653282
861482060609409
861482060669437
861482060610407
861482060681218
861482060633722
861482060616693
861482060676804
861482060616685
861482060645395
861482060606058
861482060636147
861482060609276
861482060613401
861482060606231
861482060610464
861482060699392
861482060659800
861482060610530
861482060634290
861482060663729
861482060662804
861482060620075
861482060613823
861482060648670
861482060629654
861482060634670
861482060637582
861482060623657
861482060650411
861482060693221
861482060635685
861482060655212
861482060669445
861482060620950
861482060678958
861482060682703
861482060646658
861482060611595
861482060635131
861482060607296
861482060636980
861482060642186
861482060623434
861482060600317
861482060635040
861482060632203
861482060638036
861482060679592
861482060653472
861482060652730
861482060669114
861482060646260
861482060665963
861482060622139
861482060664818
861482060622345
861482060699699
861482060612452
861482060615273
861482060658513
861482060637608
861482060609508
861482060621289
861482060639117
861482060648670
861482060683412
861482060679113
861482060695820
861482060653431
861482060692306
861482060640776
861482060665500
861482060676671
861482060616842
861482060672688
861482060642780
861482060609177
861482060699343
861482060693072
